923
380 112
687 644
206 330
419 90
890 268
182 494
149 422
603 58
253 217
30 47
177 266
110 92
114 339
382 221
494 511
493 241
118 292
276 547
562 594
868 610
86 45
258 190
3 407
771 65
568 228
286 193
75 808
341 199
898 300
903 492
169 22
274 48
845 490
551 429
739 605
572 607
358 327
108 427
558 402
181 79
737 132
180 343
873 9
482 72
353 486
476 326
533 544
17 65
57 112
61 74
338 108
598 809
71 191
30 503
210 448
541 549
220 439
68 4
433 254
135 36
771 918
669 229
180 870
425 627
26 378
481 353
849 367
351 653
481 518
263 183
21 114
377 210
128 102
90 84
210 95
240 220
182 235
103 59
25 244
279 65
428 618
124 275
96 90
255 472
192 57
862 226
342 8
795 64
86 211
837 548
51 18
85 450
759 260
161 778
386 914
199 175
251 400
694 261
696 294
219 919
25 44
54 17
100 598
312 705
399 485
672 679
297 259
403 714
301 159
530 399
84 155
307 220
65 175
235 320
2 42
334 260
179 729
728 108
275 313
765 293
711 452
234 905
825 291
257 621
684 33
154 19
202 182
459 390
177 772
466 296
289 314
326 54
198 475
45 49
455 323
178 212
97 56
620 894
859 787
442 791
365 614
15 871
816 67
83 597
780 850
604 300
5 877
187 315
651 95
295 593
54 410
25 183
160 682
541 270
168 91
735 93
672 214
506 563
1 2
6 256
495 58
341 514
915 457
309 209
554 454
253 585
91 27
401 192
76 569
719 535
537 172
11 40
9 5
195 183
113 298
54 105
69 55
374 174
747 470
198 675
497 810
570 587
17 35
51 57
748 698
428 462
259 235
26 214
571 421
67 18
393 9
774 432
224 865
3 1
58 421
254 613
143 119
812 257
379 175
642 298
238 273
1 34
353 406
633 359
416 389
628 554
108 803
320 885
683 212
198 505
534 168
70 53
321 179
22 3
567 752
383 194
179 767
630 546
58 35
542 195
583 162
317 126
50 37
86 222
659 490
295 608
29 176
260 365
123 133
417 199
242 517
54 167
373 543
422 447
226 700
2 4
197 78
49 75
267 141
266 318
413 289
385 305
51 147
63 73
296 38
567 454
480 231
191 478
119 165
360 409
10 12
97 101
12 270
71 115
744 414
681 236
68 166
474 609
588 288
126 265
37 98
148 46
650 525
631 823
743 576
185 695
754 690
190 111
365 636
461 282
280 227
117 271
864 672
527 33
442 89
245 40
888 752
157 119
227 152
287 162
242 211
790 382
1 6
161 561
23 6
528 382
32 220
923 151
655 593
575 440
726 295
134 25
763 357
124 81
14 637
23 231
56 45
17 262
690 560
10 179
290 456
361 181
355 288
63 230
452 605
115 674
520 277
149 92
799 190
471 736
626 472
232 129
249 21
917 380
42 62
17 14
487 103
45 99
19 1
29 10
528 649
706 534
46 644
184 281
341 428
883 573
128 658
28 36
591 373
379 467
66 13
435 54
161 150
274 308
665 792
402 119
530 616
78 66
550 606
534 802
269 371
622 463
481 498
289 882
721 94
306 79
827 368
157 398
9 294
10 82
363 715
515 67
500 698
48 28
911 48
393 397
224 368
1 26
760 579
84 65
9 289
31 106
191 363
213 579
353 394
382 390
217 405
18 8
665 305
630 635
341 733
486 720
568 902
509 245
821 99
570 172
815 604
762 759
201 586
205 13
557 814
289 662
471 311
843 765
289 305
443 331
268 13
146 117
22 25
372 239
540 702
645 6
131 709
225 191
303 234
601 478
611 485
838 690
131 63
525 327
237 172
881 285
153 504
27 8
830 920
327 359
23 793
406 436
195 215
492 412
130 126
826 806
235 254
548 490
151 288
187 32
1 28
474 95
415 718
373 860
671 225
592 757
491 56
829 393
216 50
507 321
109 162
223 373
552 498
610 798
118 418
50 209
102 53
723 613
77 68
5 118
59 5
446 192
529 412
353 320
226 224
921 594
725 158
595 178
357 142
663 251
1 31
103 200
616 676
534 582
178 332
120 648
712 141
79 501
756 612
818 547
800 375
479 577
119 535
119 78
193 697
62 641
150 282
411 251
88 117
202 847
172 193
673 490
813 15
700 780
24 22
502 533
169 458
797 62
63 88
730 828
85 13
363 510
27 158
311 217
83 9
196 192
445 283
375 47
590 102
20 16
159 98
553 467
876 413
28 788
841 735
251 221
741 314
489 312
185 801
183 872
755 82
833 274
571 745
501 789
259 452
513 322
581 631
677 272
776 175
140 92
599 412
103 639
522 5
264 457
515 922
536 354
545 506
523 500
408 343
855 874
223 667
787 633
908 189
444 779
429 26
255 322
310 247
907 689
351 564
38 64
596 140
899 420
206 113
707 727
110 444
404 219
270 384
217 202
279 834
89 19
104 602
10 13
52 23
420 654
299 282
120 437
233 276
30 37
600 417
716 90
129 105
163 441
153 123
738 202
221 69
208 293
750 619
65 453
49 79
48 95
701 538
770 842
39 33
598 646
4 144
482 713
556 251
38 354
262 657
296 660
260 678
7 6
247 86
63 113
577 643
115 465
5 11
139 746
93 396
107 97
59 323
291 350
566 773
80 15
29 33
629 303
107 150
336 158
875 149
239 431
895 256
72 47
891 390
243 395
8 7
164 137
691 226
423 386
484 437
207 189
200 624
59 367
125 75
54 174
437 806
731 380
615 492
670 2
692 263
207 878
122 634
74 460
198 184
758 676
880 244
775 526
32 851
95 344
159 194
214 782
386 178
584 226
240 345
190 264
39 388
63 87
82 172
172 852
34 41
835 658
288 502
387 399
55 805
181 218
449 152
329 497
277 221
159 432
560 336
20 104
426 60
332 886
391 722
538 29
120 89
170 506
425 479
71 632
705 769
561 807
156 133
284 68
354 519
61 7
470 67
177 96
347 271
236 195
211 246
200 329
581 461
906 568
440 22
473 425
183 261
699 407
656 56
122 869
123 92
157 369
5 15
708 451
219 319
832 204
229 364
786 520
10 38
86 229
707 675
857 438
46 81
143 152
173 260
175 562
302 54
145 56
99 142
33 43
67 360
96 689
28 740
202 496
866 116
589 395
316 313
143 170
17 63
817 375
524 565
76 108
734 55
158 463
854 771
391 98
411 710
225 348
415 313
55 26
647 214
464 154
858 473
131 640
867 803
352 343
912 60
542 661
516 820
312 107
796 47
128 580
295 277
88 550
46 23
620 9
69 111
494 879
483 81
141 151
904 404
116 241
60 3
612 168
54 717
391 566
686 370
290 425
365 430
216 228
53 180
66 132
65 477
781 17
610 390
27 243
186 110
171 24
45 414
115 499
246 257
5 1
121 50
69 272
162 764
233 30
12 693
344 376
10 92
76 17
139 52
60 617
337 223
516 17
855 853
333 155
666 199
108 182
546 190
753 552
185 785
532 417
4 346
66 137
381 127
431 751
848 431
77 126
396 830
420 77
573 70
262 335
688 640
555 35
680 234
214 783
714 730
387 208
100 26
155 638
285 269
87 213
293 392
130 749
103 685
275 340
188 434
861 798
77 488
208 30
839 836
804 232
568 578
557 202
180 188
348 856
476 896
469 26
70 766
8 304
283 189
424 265
385 508
356 28
2 30
811 320
191 572
290 235
526 141
322 512
238 93
559 197
248 777
224 59
574 320
900 630
14 12
884 309
116 94
521 732
10 8
124 324
333 490
325 235
8 16
586 887
171 909
157 524
770 160
160 114
531 54
366 354
855 910
251 438
65 255
17 846
63 94
138 7
539 490
49 71
822 595
540 50
893 327
892 861
795 840
488 500
824 575
87 239
94 362
10 32
836 776
184 64
25 109
761 231
53 52
122 49
10 21
